District	Name	Neighborhoods	White 	Black_African American	Hispanic_Latino	Asian	Other	Racial_Diversity_Index	Seniors_65_and_Older	Families_with_Own_Children_Under_18	Median_Household_Income	Below_FPL	Below_FPL	Rental_Vacancy_Rate	Rent_Burdened	Percent_Overcrowded	Code_Violations_2020	Violations_per_100_units	Owner_Occupied_Housing	NYCHA_Units 	NYCHA_Capital_Needs	Section_8_Units	Population_Acre	Percent_Renters	Rent_Regulated_Units	percent_1_4Fam	percent_5_19Unit	percent_20_plus_Unit	Total_Housing_Units_2013	Total_New_Housing_2014_2020	Total_Housing_Units_2020	Affordable_New_Construction-Extremely_Low_Income	Affordable_New_Construction_Very_Low_Income	Affordable_New_Construction _Low_Income	Affordable_New_Construction_Moderate_Income	Affordable_New_Construction_Middle_Income	Affordable_New_Construction_Other	Affordable_Total_New_Construction	Affordable_Preservation_Extremely_Low_Income	Affordable_Preservation_Very_Low_Income	Affordable_Preservation_Low_Income	Affordable_Preservation_Moderate_Income	Affordable_Preservation_Middle_Income	Affordable_Preservation_Other	Affordable_Total_Preservation	Affordable_Extremely_Low_Income_Total	Affordable_Very_Low_Income_Total	Affordable_Low_Income_Total	Affordable_Moderate_Income_Total	Affordable_Middle_Income_Total	Affordable_Other_Total 	Affordable_Total
District_1	Christopher Marte	Battery Park City-Civic Center-Chinatown-Financial District-Little Italy-the Lower East Side-NoHo-SoHo-South Street Seaport-South Village-TriBeCa & Washington Square	50	4	12	31	3	0.64	0.171	0.162	$107,731	0.151	0.029	0.036353841	0.416	0.046	3742	3.952302	0.225	4959	$1,143,754,965 	819.37	92.56203375	0.775	22000	0.042969133	0.19012833	0.766008483	87302	7377	94679	46	218	667	99	144	3	1177	620	1268	1392	489	95	8	3872	666	1486	2059	588	239	11	5049
District_2	Carlina Rivera	East Village-Gramercy Park-Kips Bay-Lower East Side-Murray Hill-Rose Hill	54	8	19	16	2	0.64	0.152	0.1	$89,488	0.186	0.029	0.057187111	0.422	0.026	5168	5.364335	0.224	9496	$2,251,510,612 	1810.86	147.8764731	0.776	26000	0.040261095	0.198229974	0.760691665	93764	2576	96340	16	51	150	26	91	3	337	740	1426	1415	109	451	11	4152	756	1477	1565	135	542	14	4489
District_3	Erik Bottcher	Chelsea-Hell’s Kitchen-Greenwich Village-West SoHo-Hudson Square-Times Square-Garment District-Flatiron-Upper West Side	65	4	14	14	3	0.54	0.145	0.087	$169,278	0.105	0.033	0.054065657	0.402	0.028	5145	3.941683	0.271	2071	$491,554,321 	997.5	91.41723762	0.729	29000	0.062979881	0.182251124	0.751535179	119587	10941	130528	0	225	1494	145	260	2	2126	1040	487	540	597	690	6	3360	1040	712	2034	742	950	8	5486
District_4	Keith Powers	"Upper East Side-Carnegie Hill-Yorkville-Central Park South-Midtown East-Times Square-Koreatown-Stuyvesant Town and Peter Cooper Village-Waterside Plaza-Tudor City-Turtle Bay-Murray Hill-Sutton Place	"	72	3	8	14	3	0.45	0.224	0.139	$156,132	0.065	0.022	0.067355	0.423	0.02	1855	1.601333	0.401	0	0	188.75	97.37927879	0.599	24000	0.04150245	0.089074921	0.868837682	111305	4536	115841	0	44	350	16	72	0	482	4	281	507	103	4725	0	5620	4	325	857	119	4797	0	6102
District_5	Julie Menin	"Upper East Side's Yorkville-Lenox Hill-Carnegie Hill-Roosevelt Island-Midtown East-Sutton Place-El Barrio in East Harlem	"	72	3	10	12	3	0.46	0.195	0.16	$130,082	0.057	0.019	0.058441407	0.405	0.027	2660	2.516485	0.301	1769	$383,687,780 	904.55	196.4903684	0.699	20000	0.032842562	0.141854776	0.824585772	104572	1131	105703	0	83	138	68	200	1	490	491	179	100	11	0	2	783	491	262	238	79	200	3	1273
District_6	Gale Brewer	"Central Park-Lincoln Square-Upper West Side-Clinton	"	68	5	14	10	3	0.5	0.215	0.163	$131,524	0.092	0.027	0.053540835	0.375	0.023	3885	3.678977	0.357	2756	$691,247,736 	1828.82	98.62753021	0.643	23000	0.046175769	0.155329621	0.79724449	101370	4230	105600	11	245	566	87	0	2	911	419	927	250	0	50	6	1652	430	1172	816	87	50	8	2563
District_7	Shaun Abreu	"Manhattan Valley-Manhattanville-Morningside Heights-Hamilton Heights	"	26	18	45	8	3	0.69	0.153	0.183	$58,614	0.225	0.042	0.027432142	0.494	0.035	17290	24.82519	0.152	6094	$1,236,159,527 	3410.08	141.131526	0.848	30000	0.046128475	0.152854054	0.799866204	68227	1420	69647	129	24	257	0	32	3	445	764	689	702	382	19	20	2576	893	713	959	382	51	23	3021
District_8	Diana Ayala	"El Barrio/East Harlem-Mott Haven-Highbridge-Concourse-Longwood-Port Morris	"	7	28	59	4	2	0.57	0.112	0.263	$30,690	0.372	0.057	0.029707651	0.51	0.047	14126	20.18029	0.06	18293	$4,300,912,020 	7742.44	76.4105971	0.94	26000	0.08686106	0.163520497	0.747262163	64739	5260	69999	1243	721	1919	477	609	20	4989	2495	4214	1687	645	107	47	9195	3738	4935	3606	1122	716	67	14184
District_9	Kristin Richardson Jordan	"Central Harlem-Morningside Heights-Upper West Side-East Harlem	"	14	53	27	4	3	0.63	0.115	0.217	$53,139	0.253	0.057	0.042988219	0.451	0.025	18727	23.37486	0.131	10966	$2,379,655,944 	4060.31	133.0853853	0.869	29000	0.10323433	0.228592153	0.667163193	77229	2887	80116	318	191	408	88	338	10	1353	1923	3772	3768	1585	921	85	12054	2241	3963	4176	1673	1259	95	13407
District_10	Carmen De La Rosa	"Washington Heights-Inwood-Marble Hill	"	20	6	69	3	2	0.48	0.149	0.219	$59,012	0.199	0.052	0.015781771	0.48	0.05	21295	32.91039	0.09	2243	$250,537,805 	4335.07	105.672644	0.91	43000	0.032470292	0.097616012	0.869400853	64364	342	64706	207	35	178	0	5	3	428	147	235	361	111	237	12	1103	354	270	539	111	242	15	1531
District_11	Eric Dinowitz	"Bedford Park-Kingsbridge-Riverdale-Norwood-Van Cortlandt Village-Wakefield-Woodlawn	"	29	17	45	6	3	0.68	0.177	0.26	$62,637	0.182	0.047	0.033961888	0.543	0.048	9930	14.58707	0.283	151	0	4008.14	33.81213774	0.717	37000	0.205811327	0.063940173	0.725808211	65828	2246	68074	526	164	614	85	126	10	1525	37	309	1223	54	354	11	1988	563	473	1837	139	480	21	3513
District_12	Kevin Riley	"Wakefield-Olinville-Edenwald-Eastchester-Williamsbridge-Baychester-Co-op City	"	3	65	27	2	3	0.51	0.17	0.256	$58,170	0.167	0.053	0.016840443	0.544	0.036	8292	12.47349	0.41	4178	$1,104,738,689 	3354.16	60.19588243	0.59	14000	0.488756138	0.085264702	0.423688466	65460	1017	66477	93	21	165	40	36	2	357	8	10930	5197	50	4	2	16191	101	10951	5362	90	40	4	16548
District_13	Marjorie Velazquez	"Allerton-City Island-Country Club-Edgewater Park-Ferry Point-Locust Point-Morris Park-Pelham Bay-Pelham Gardens-Pelham Parkway-Schuylerville-Silver Beach-Spencer Estates-Throggs Neck-Van Nest-Waterbury LaSalle-Westchester Square-Zerega	"	32	14	45	7	2	0.67	0.174	0.271	$68,559	0.147	0.049	0.025487305	0.529	0.034	4518	7.072858	0.403	4747	$1,009,651,603 	2186.93	22.08312756	0.597	13000	0.627418516	0.074979895	0.296040494	63349	529	63878	0	3	20	6	29	0	58	75	85	200	15	0	2	377	75	88	220	21	29	2	435
District_14	Pierina Ana Sanchez	"Morris Heights-University Heights-Fordham-Kingsbridge	"	2	19	75	2	2	0.4	0.097	0.354	$36,025	0.33	0.072	0.015895926	0.61	0.066	20913	35.90215	0.059	1588	$320,461,824 	8340.24	140.3499087	0.941	39000	0.104446062	0.080639013	0.810773816	56529	1721	58250	578	335	818	179	96	15	2021	373	1686	2163	90	17	53	4382	951	2021	2981	269	113	68	6403
District_15	Oswald Feliz	"Bedford Park-Fordham-Mount Hope-Bathgate-Belmont-East Tremont-West Farms-Van Nest-Allerton-Olinville	"	6	24	66	2	1	0.5	0.104	0.345	$35,234	0.34	0.075	0.020176493	0.591	0.062	23723	36.93158	0.08	1551	$355,591,510 	9979.93	76.48256297	0.92	33000	0.173055789	0.119206154	0.705281531	60863	3372	64235	1184	222	1312	212	164	21	3115	633	770	1784	340	12	26	3565	1817	992	3096	552	176	47	6680
District_16	Althea Stevens	"Claremont-Concourse-Concourse Village-Highbridge-Morris Heights-Mount Eden-Morrisania	"	1	33	63	1	2	0.5	0.088	0.357	$32,201	0.373	0.073	0.017965566	0.574	0.07	18450	30.24541	0.043	9224	$2,104,645,927 	7074.2	118.0695603	0.957	38000	0.104971219	0.106750392	0.7860457	58729	2272	61001	1182	313	782	16	95	17	2405	992	1968	3172	143	0	52	6327	2174	2281	3954	159	95	69	8732
District_17	Rafael Salamanca 	"Concourse Village-Crotona Park East-East Tremont-Hunts Point-Longwood-Melrose-Morrisania-Port Morris-West Farms-North Brother Island-South Brother Island	"	2	30	66	1	1	0.47	0.107	0.32	$31,615	0.364	0.061	0.015824592	0.557	0.035	18493	28.33351	0.1	5913	$1,503,688,765 	8257.56	54.22264312	0.9	23000	0.193126516	0.147440673	0.658560944	58354	6915	65269	2646	1066	4079	540	172	52	8555	858	2794	3917	187	116	76	7948	3504	3860	7996	727	288	128	16503
District_18	Amanda Farías	"Soundview-Castle Hill-Parkchester-Clason Point-Harding Park	"	3	27	58	9	3	0.58	0.127	0.317	$45,332	0.271	0.053	0.017808972	0.546	0.047	10600	16.60193	0.219	8367	$2,167,507,214 	5301.85	68.79369845	0.781	19000	0.370423946	0.060865695	0.56432307	62672	1176	63848	571	156	487	111	14	6	1345	563	1533	465	32	4	12	2609	1134	1689	952	143	18	18	3954
District_19	Vickie Paladino	"Auburndale-Bay Terrace-Bayside-Beechhurst-College Point-Douglaston-Flushing-Little Neck-Malba-Whitestone	"	44	1	18	35	2	0.65	0.218	0.252	$85,580	0.074	0.027	0.04838187	0.57	0.014	631	0.992435	0.652	13	$6,455,718 	0	21.20008054	0.348	10000	0.784196924	0.04762355	0.164397378	62861	720	63581	0	0	38	0	9	0	47	0	1	0	0	2	0	3	0	1	38	0	11	0	50
District_20	Sandra Ung	"Downtown Flushing-Murray Hill-Queensboro Hill	"	11	3	16	69	2	0.49	0.191	0.232	$47,776	0.199	0.02	0.035497385	0.677	0.051	2537	4.034092	0.353	904	$235,464,903 	235.45	47.41221603	0.647	11000	0.38904325	0.08429882	0.524316295	60369	2520	62889	0	66	119	62	31	1	279	0	2	2	51	0	1	56	0	68	121	113	31	2	335
District_21	Francisco Moya	East Elmhurst-Elmhurst-Jackson Heights-and Corona in Queens-including Flushing Meadows Corona Park-Lefrak City and LaGuardia Airport	4	9	74	12	1	0.43	0.101	0.374	$58,957	0.186	0.029	0.014248388	0.592	0.112	3150	6.541648	0.243	0	0	822.25	65.21556701	0.757	17000	0.598804249	0.113501024	0.285312753	47268	885	48153	67	0	18	3	35	1	124	40	343	62	2	0	2	449	107	343	80	5	35	3	573
District_22	Tiffany Cabán	"Astoria-East Elmhurst-Jackson Heights-Woodside	"	52	6	26	14	2	0.64	0.139	0.167	$81,511	0.112	0.03	0.02022282	0.435	0.023	3200	4.435573	0.248	1101	$346,164,095 	337.09	42.82934014	0.752	24000	0.46338455	0.252782896	0.28256864	69391	2753	72144	102	81	219	9	157	1	569	350	59	49	278	1	2	739	452	140	268	287	158	3	1308
District_23	Linda Lee	"Bayside Hills-Bellerose-Douglaston-Floral Park-Fresh Meadows-Glen Oaks-Hollis-Hollis Hills-Holliswood-Little Neck-New Hyde Park-Oakland Gardens-Queens Village	"	26	11	15	41	7	0.73	0.195	0.26	$92,257	0.079	0.032	0.028311872	0.525	0.013	627	1.083313	0.681	0	0	51.88	22.50320801	0.319	4000	0.769612142	0.080320405	0.148111298	57619	259	57878	0	6	10	1	0	0	17	1	1	0	3	0	0	5	1	7	10	4	0	0	22
District_24	James Gennaro	"Kew Gardens Hills-Pomonok-Electchester-Fresh Meadows-Hillcrest-Jamaica Estates-Briarwood-Parkway Village-Jamaica Hills-Jamaica	"	27	12	24	33	5	0.75	0.157	0.288	$70,614	0.146	0.05	0.027855313	0.547	0.042	2572	4.449288	0.433	2221	$688,327,734 	233.56	33.18070148	0.567	10000	0.490976997	0.120632483	0.3872561	56266	1541	57807	125	39	705	64	72	3	1008	84	2124	82	1	2	2	2295	209	2163	787	65	74	5	3303
District_25	Shekar Krishnan	"Elmhurst-Jackson Heights	"	12	2	47	38	2	0.62	0.15	0.27	$62,491	0.131	0.03	0.025362629	0.609	0.069	3014	4.998093	0.343	0	0	106.84	102.6984381	0.657	21000	0.397754836	0.080651364	0.520573271	59267	1036	60303	1	1	17	0	53	0	72	0	0	0	0	0	0	0	1	1	17	0	53	0	72
District_26	Julie Won	"Sunnyside-Woodside-Long Island City-Astoria-Dutch Kills	"	31	5	31	29	3	0.72	0.132	0.201	$71,509	0.126	0.034	0.028069031	0.442	0.044	3062	3.699497	0.218	5303	$1,698,220,052 	255.95	47.0186955	0.782	24000	0.259859045	0.173861222	0.564789864	69629	13139	82768	170	352	474	430	1303	4	2733	0	393	585	3	0	0	981	170	745	1059	433	1303	4	3714
District_27	Nantasha Williams	"Cambria Heights-Hollis-Jamaica-St. Albans-Queens Village-and Springfield Gardens	"	2	69	13	10	7	0.49	0.154	0.268	$82,840	0.095	0.053	0.036013464	0.598	0.027	2385	4.442664	0.641	359	$79,196,727 	582.44	32.10358664	0.359	5000	0.876001622	0.015504624	0.105964357	51634	2050	53684	98	312	701	502	595	10	2218	101	7	45	16	9	0	178	199	319	746	518	604	10	2396
District_28	Adrienne Adams	"Jamaica-Richmond Hill-Rochdale Village-South Ozone Park	"	3	41	19	21	16	0.75	0.129	0.289	$74,669	0.112	0.053	0.019500396	0.509	0.02	2193	3.957841	0.536	1425	$429,032,452 	711.36	22.24126311	0.464	5000	0.820886076	0.033333333	0.14374121	54716	693	55409	166	0	62	1	3	2	234	178	5369	665	8	2	2	6224	344	5369	727	9	5	4	6458
District_29	Lynn Schulman	"Rego Park-Forest Hills-Kew Gardens-Richmond Hill	"	44	4	20	28	5	0.69	0.189	0.217	$83,297	0.113	0.026	0.029905786	0.496	0.043	2374	3.216715	0.446	0	0	694.19	58.6119099	0.554	21000	0.256404698	0.044165662	0.698142604	72598	1204	73802	44	90	127	221	14	1	497	287	123	50	21	1	0	482	331	213	177	242	15	1	979
District_30	Robert Holden	"Glendale-Maspeth-Middle Village-Ridgewood-Woodhaven-Woodside	"	52	1	35	10	2	0.59	0.133	0.313	$84,498	0.089	0.03	0.034517645	0.495	0.015	1866	3.043897	0.477	0	0	279.69	28.61275838	0.523	14000	0.855068646	0.087215619	0.056793863	60941	362	61303	40	0	174	0	36	0	250	1	14	18	50	1	1	85	41	14	192	50	37	1	335
District_31	Selvena N. Brooks-Powers	"Arverne-Brookville-Edgemere-Far Rockaway-Laurelton-Rosedale-Springfield Gardens	"	12	65	18	3	3	0.53	0.142	0.317	$72,213	0.146	0.047	0.026956621	0.491	0.022	4963	8.953635	0.457	2598	$689,937,082 	4771.69	22.17538358	0.543	8000	0.705055981	0.032986111	0.260398951	54085	1345	55430	677	550	1288	2	5	12	2534	155	36	2014	463	407	6	3081	832	586	3302	465	412	18	5615
District_32	Joann Ariola	"Belle Harbor-Breezy Point-Broad Channel-Howard Beach-Lindenwood-Neponsit-Ozone Park-Richmond Hill-Rockaway Park-Roxbury-South Ozone Park-West Hamilton Beach-Woodhaven	"	37	5	36	18	4	0.7	0.16	0.285	$83,394	0.113	0.036	0.026239632	0.548	0.016	1920	3.212314	0.587	0	0	807.17	26.03450436	0.413	7000	0.790275588	0.042400768	0.164238706	59050	720	59770	0	13	10	50	24	1	98	0	1031	218	0	278	0	1527	0	1044	228	50	302	1	1625
District_33	Lincoln Restler	"Boerum Hill-Brooklyn Heights-Brooklyn Navy Yard-Downtown Brooklyn-Dumbo-Fulton Ferry-Greenpoint-Vinegar Hill-Williamsburg	"	71	7	14	5	3	0.47	0.092	0.249	$100,547	0.238	0.034	0.03383277	0.433	0.041	5356	5.761928	0.243	2188	$550,574,071 	5121.58	67.28388688	0.757	18000	0.25658816	0.297284	0.444033758	74702	18253	92955	525	277	1983	296	969	5	4055	6	124	461	2	423	3	1019	531	401	2444	298	1392	8	5074
District_34	Jennifer Gutiérrez	"Williamsburg-Bushwick-Ridgewood	"	31	10	49	8	3	0.65	0.097	0.199	$69,568	0.217	0.042	0.028176606	0.461	0.03	11783	16.25152	0.145	4621	$869,152,706 	3889.86	67.18243775	0.855	19000	0.32430024	0.375854613	0.296514346	63730	8774	72504	197	35	827	50	778	5	1892	528	1491	1872	34	2	26	3953	725	1526	2699	84	780	31	5845
District_35	Crystal Hudson	Fort Greene-Clinton Hill-Crown Heights-Prospect Heights-Bedford Stuyvesant	38	39	12	7	4	0.69	0.122	0.204	$80,626	0.166	0.041	0.031514163	0.434	0.025	15464	19.32396	0.237	6045	$1,528,898,860 	1769.37	93.77070819	0.763	22000	0.291746712	0.207120339	0.49926112	71337	8688	80025	211	132	1214	181	763	8	2509	221	968	1108	481	51	12	2841	432	1100	2322	662	814	20	5350
District_36	Chi Ossé	"Bedford Stuyvesant-Northern Crown Heights	"	17	57	19	3	3	0.6	0.112	0.204	$57,281	0.238	0.051	0.044197821	0.482	0.021	17794	24.40409	0.204	7226	$1,998,093,624 	3046.87	94.71875259	0.796	19000	0.476983766	0.223850706	0.298513124	68308	4606	72914	474	116	434	133	373	6	1536	314	962	1471	125	41	33	2946	788	1078	1905	258	414	39	4482
District_37	Sandy Nurse	"Cypress Hills-Bushwick-City Line-Ocean Hill-Brownsville-East New York	"	9	29	53	6	2	0.62	0.091	0.288	$54,094	0.257	0.038	0.0466474	0.586	0.045	15197	27.58677	0.226	830	$186,825,390 	2694.14	66.15950223	0.774	9000	0.653923914	0.245525198	0.09936379	52625	2463	55088	536	468	705	57	247	12	2025	112	139	171	8	2	6	438	648	607	876	65	249	18	2463
District_38	Alexa Avilés	"Red Hook-Sunset Park-Greenwood Heights and portions of Windsor Terrace-Dyker Heights-and Boro Park	"	19	5	39	35	2	0.69	0.115	0.329	$53,786	0.261	0.044	0.028153341	0.554	0.083	9088	16.00028	0.241	2868	$737,027,777 	979.96	48.35837503	0.759	13000	0.544981159	0.250667475	0.202060177	55570	1229	56799	84	18	80	8	14	2	206	598	94	64	156	10	8	930	682	112	144	164	24	10	1136
District_39	Shahana Hanif	"Cobble Hill-Carroll Gardens-Columbia Waterfront-Gowanus-Park Slope-Windsor Terrace-Borough Park-Kensington	"	65	5	14	12	5	0.54	0.111	0.309	$127,181	0.117	0.03	0.028073066	0.405	0.03	6935	9.498178	0.404	0	0	1091.19	63.04360011	0.596	14000	0.506694514	0.237046668	0.253063709	70914	2100	73014	0	0	178	36	39	0	253	5	101	77	4	9	1	197	5	101	255	40	48	1	450
District_40	Rita Joseph	"Crown Heights-East Flatbush-Flatbush-Kensington-Midwood-Prospect Park-and Prospect Lefferts Gardens	"	21	53	16	6	3	0.64	0.124	0.236	$64,835	0.17	0.041	0.034021067	0.525	0.054	25269	40.15542	0.16	12	$10,127,367 	1592.36	109.364616	0.84	32000	0.219008969	0.123077448	0.657419091	58380	4548	62928	243	48	226	63	863	4	1447	20	120	174	133	8	4	459	263	168	400	196	871	8	1906
District_41	Darlene Mealy	"Bedford-Stuyvesant-Ocean Hill-Brownsville-East Flatbush-Crown Heights	"	6	76	14	2	2	0.39	0.135	0.252	$34,565	0.27	0.054	0.02885711	0.555	0.023	20389	32.44073	0.188	10204	$2,684,773,862 	3205.36	83.53287679	0.812	24000	0.455232754	0.161878477	0.382477723	60265	2585	62850	486	287	781	35	170	8	1767	172	240	2025	743	48	20	3248	658	527	2806	778	218	28	5015
District_42	Charles Barron	"East New York-New Lots-Remsen Village-Spring Creek-Starrett City	"	3	72	21	2	2	0.44	0.146	0.255	$37,166	0.286	0.049	0.042429238	0.559	0.033	14161	22.56266	0.227	9542	$1,616,765,091 	5183.9	30.94354113	0.773	11000	0.49706311	0.110939363	0.390967039	59596	3167	62763	1123	1221	2668	113	90	31	5246	364	4465	4703	132	5	10	9679	1487	5686	7371	245	95	41	14925
District_43	Justin Brannan	"Bay Ridge-Dyker Heights-Bensonhurst-Bath Beach	"	50	2	17	29	2	0.64	0.172	0.27	$77,307	0.139	0.033	0.052950929	0.51	0.034	6206	8.101193	0.42	0	0	587.11	51.25771632	0.58	25000	0.585442142	0.128941798	0.283189301	76318	288	76606	0	1	111	0	5	0	117	214	58	0	0	0	2	274	214	59	111	0	5	2	391
District_44	Kalman Yeger	"Bensonhurst-Borough Park-Midwood-Ocean Parkway	"	72	1	9	14	3	0.45	0.138	0.38	$52,249	0.275	0.032	0.027225004	0.665	0.07	6850	12.1106	0.353	0	0	3494.18	72.60646108	0.647	17000	0.57931297	0.078732515	0.33940432	55225	1337	56562	0	1	6	0	109	0	116	0	70	181	0	1	2	254	0	71	187	0	110	2	370
District_45	Farah Louis	"Flatbush-East Flatbush-Midwood-Marine Park-Flatlands-Kensington	"	20	65	8	5	2	0.53	0.157	0.28	$70,869	0.125	0.036	0.034586988	0.532	0.037	13775	23.80294	0.424	1187	$350,162,547 	1277.19	58.91316703	0.576	17000	0.578385907	0.07054336	0.348854877	57119	752	57871	203	0	18	2	192	2	417	2	0	11	9	6	0	28	205	0	29	11	198	2	445
District_46	Mercedes Narcisse	"Bergen Beach-Canarsie-Flatlands-Georgetown-Gerritsen Beach-Marine Park-Mill Basin-Mill Island-Sheepshead Bay	"	26	57	9	7	2	0.6	0.164	0.288	$87,405	0.09	0.034	0.029971359	0.498	0.019	2593	4.057585	0.609	3811	$1,076,278,681 	499.8	25.94772569	0.391	5000	0.867902683	0.012860831	0.117468513	63718	187	63905	0	2	33	2	4	0	41	0	3	37	29	9	1	79	0	5	70	31	13	1	120
District_47	Ari Kagan	"Bensonhurst-Coney Island-Gravesend-Sea Gate	"	45	8	17	28	3	0.69	0.186	0.292	$49,546	0.206	0.04	0.015945688	0.534	0.038	6092	8.851178	0.311	5821	$1,402,251,290 	3918.18	60.49730456	0.689	20000	0.516268512	0.074046049	0.408496379	67751	1076	68827	338	205	862	77	11	5	1498	258	120	1208	37	66	9	1698	596	325	2070	114	77	14	3196
District_48	Inna Vernikov	"Brighton Beach-Manhattan Beach-Sheepshead Bay-Homecrest-Trump Village-Luna Park-Brightwater Towers-Midwood	"	70	2	9	16	3	0.48	0.216	0.248	$62,748	0.156	0.03	0.026310903	0.565	0.042	7003	8.810467	0.393	0	0	3418.8	63.8658861	0.607	23000	0.409635243	0.054250673	0.535390935	76869	2616	79485	0	2	9	0	211	0	222	1192	6	2	1	193	2	1396	1192	8	11	1	404	2	1618
District_49	Kamillah Hanks	"Arlington-Clifton-Clove Lakes-Concord-Elm Park-Graniteville-Livingston-Mariners Harbor-New Brighton-Port Richmond-Randall Manor-Rosebank-St. George-Snug Harbor-Silver Lake-Stapleton-Sunnyside-West Brighton and Tompkinsville	"	33	25	31	9	2	0.73	0.133	0.307	$68,715	0.195	0.029	0.08502595	0.593	0.018	4602	7.631081	0.515	3511	$1,031,298,218 	2681.25	18.91511722	0.485	7000	0.740590418	0.047197005	0.20714333	59117	1189	60306	31	73	518	6	9	3	640	762	200	925	145	15	5	2052	793	273	1443	151	24	8	2692
District_50	David Carr	"Arrochar-Bloomfield-Bulls Head-Castleton Corners-Chelsea-Concord-Dongan Hills-Egbertville-Emerson Hill-Fort Wadsworth-Graniteville-Grant City-Grasmere-Heartland Village-Isle of Meadows-Lighthouse Hill-Manor Heights-Meiers Corners-Midland Beach-New Dorp-New Springville-Oakwood-Ocean Breeze-Old Town-Prall's Island-Richmondtown-Rosebank-Shore Acres-South Beach-Todt Hill-Travis-Westerleigh-and Willowbrook	"	67	3	15	13	2	0.52	0.175	0.305	$94,706	0.101	0.027	0.04900057	0.54	0.013	562	0.92184	0.73	927	$275,071,652 	501.89	12.16669835	0.27	2000	0.896264205	0.026578644	0.075730225	59833	1132	60965	160	2	34	3	0	1	200	0	0	177	1	8	1	187	160	2	211	4	8	2	387
District_51	Joseph Borelli	"Annadale-Arden Heights-Bay Terrace-Charleston-Eltingville-Great Kills-Greenridge-Heartland Village-Huguenot-New Springville-Pleasant Plains-Prince’s Bay-Richmond Valley-Rossville-Tottenville-Woodrow	"	81	1	11	6	1	0.33	0.173	0.325	$106,714	0.061	0.025	0.032491317	0.455	0.008	254	0.415549	0.821	0	$0 	18.81	10.12391453	0.179	2000	0.951079393	0.020034308	0.028012428	59713	1411	61124	1	4	42	2	0	0	49	0	1	0	0	6	0	7	1	5	42	2	6	0	56
																																																				
											100																																									
